212658365368
212661641465
212661242287
212637278234
212667788794
212696876039
212661545788
212624688667
212655927464
212658412523
212641681406
212650122107
212666960598
212642455551
212652555960
212668316311
212651072417
212613316810
212668084951
212661172915
212661609340
212670230022
212648152062
212611621633
212689816218
212661896894
212662142900
212639371648
212636110408
212668780317
212661380862
212636127824
212648049358
212668669864
212641088589
212661575275
212661080839
212697450715
212623547377
212639659623
212624543765
212661835081
212655353581
212628409423
212650103809
212689037669
212648147512
212653108906
212648442634
212641172925
212624304653
212623593453
212661440899
212639710829
212643030909
212641879783
212654414720
212689804826
212641797128
212661755405
212662119116
212667797544
212628078908
212697998976
212661732667
212661402710
212639067412
212662875408
212658041477
212668518267
212624297355
212642495451
212639797796
212666872434
212618239009
212668665110
212628650930
212661565501
212666060841
212661183364
212661643297
212641026590
212666676073
212622626852
212653655499
212666899086
212662185211
212628879698
212615117134
212637922677
212643598694
212661697967
212666588974
212636507990
212670119372
212662776630
212642091971
212651512126
212618134250
212682558520
212623474958
212655149956
212666299545
212637997724
212637549238
212661574386
212670035463
212636940964
212613185109
212615234861
212666245302
212618125849
212616541511
212662473421
212616222289
212639960606
212641318476
212613150941
212661541514
212668695307
212666626850
212615489262
212636268215
212610650379
212622359552
212696974091
212689048159
212661318657
212639679547
212611653722
212666318432
212667064619
212642771123
212666234375
212697689326
212668818087
212661874791
212668018986
212661553796
212624876036
212613582104
212641490446
212667198445
212622912777
212661424325
212682639345
212637132354
212613121719
212623313275
212615745152
212661310015
212615794258
212661838837
212661554847
212659344655
212661686658
212661643145
212667548296
212616630289
212662165201
212666171951
212628067387
212642281155
212628067118
212622097408
212666658561
212659915787
212610253909
212668920240
212642682204
212613757338
212623497060
212637277078
212641220854
212689305969
212615058045
212624049389
212697977052
212659451966
212667716759
212667129028
212668592479
212662310895
212661402601
212611573153
212639368442
212610786038
212696989764
212661327117
212648450031
212636906908
212624614654
212666999553
212642725699
212661227151
212658051239
212760128839
212641863157
212697270551
212637872125
212615316319
212628987019
212618723659
212666827844
212618698278
212618498969
212650245924
212639004507
212661692469
212618402253
212696382414
212637310837
212613105211
212636660181
212651690155
212667949910
212637598895
212696917906
212658991711
212654455809
212662232972
212655357952
212611747676
212639493914
212618579861
212637234108
212611416992
212666806550
212696418441
212661162172
212661445861
212622323229
212662529224
212667177560
212662482170
212636102647
212659010244
212624015307
212611738670
212658203061
212659717231
212750721065
212650880077
212637118998
212637488525
212661282200
212642239376
212610750556
212628111732
212661243347
212666117925
212642554090
212652854954
212662366400
212636184463
212652691316
212667838161
212642257067
212628662335
212751429534
212662367595
212651315412
212662614018
212666834267
212650850968
212661230067
212610637042
212636969127
212662252336
212661946281
212622310013
212615543538
212666017505
212623662043
212662023904
212623704591
212661534668
212696486914
212666849223
212662321108
212661355028
212661617145
212636937578
212642636169
212661338001
212662415509
212623914917
212651921386
212610605515
212648139601
212666286608
212661478947
212696521214
212618616285
212697296718
212662234961
212662795621
212696578145
212661865806
212610697197
212618758629
212666523390
212658051001
212654386576
212662194613
212661979852
212751737191
212666341248
212652394106
212623330809
212659342816
212751853478
212642112246
212666582076
212637846190
212655113508
212658813392
212651613001
212689758668
212662776431
212689891794
212667410177
212661680263
212662123941
212661340384
212667733991
212636286978
212661740732
212666278408
212661438153
212661299100
212661563765
212654430097
212650163011
212611273264
212661350479
212622687741
212697046333
212650604856
212655096245
212696675659
212637520162
212641884368
212655649821
212662034622
212622669305
212661783233
212623320327
212642079570
212651016581
212637839335
212637768306
212628295543
212668032966
212661558986
212622233936
212659355131
212651428566
212658062386
212666993570
212662181100
212615782991
212666996856
212682103478
212628462640
212667729300
212662836990
212628922663
212659129784
212661495143
212667962061
212696058890
212666994709
212662047247
212667227909
212661741692
212682494056
212661177024
212643613449
212697155783
212613096241
212642585134
212623384556
212654548757
212623604403
212639500596
212662409290
212751106292
212643351305
212670144949
212661530466
212622332648
212636726053
212666143164
212653014120
212623230932
212661593872
212666344523
212667260414
212654385490
212662046846
212613160998
212696801829
212639453059
212610521377
212648435719
212613920688
212610413144
212661290271
212659141065
212697662080
212658047111
212624620944
212659829081
212654191238
212655481595
212642659231
212639272689
212661585195
212639672787
212655977549
212661450054
212670300887
212615154216
212652119737
212696215578
212623989094
212661320257
212661050300
212750626807
212682303113
212659195572
212636105421
212658354429
212618674250
212642583180
212655552307
212661093082
212662588981
212658990289
212648295785
212622805748
212653527420
212750620090
212696682013
212682825859
212655527707
212696899485
212667385529
212639989336
212610668992
212661940716
212651854238
212662154017
212639172661
212628165891
212610408195
212668345975
212661342204
212642062250
212618688477
212624833661
212661619095
212697284819
212661958753
212658382005
212682621811
212697986881
212654284748
212628486896
212636501355
212658206703
212697905645
212648865185
212662162553
212666980894
212662392084
212637571107
212667199692
212616123448
212636711121
212668697977
212637074376
212668100708
212637519514
212666436256
212650723931
212643697619
212666053914
212639957642
212637539236
212662310167
212655132083
212643234054
212661449918
212668425779
212618787915
212666743691
212661912700
212751366507
212637317266
212637414484
212658818278
212643093182
212648903958
212661699228
212661190699
212667958504
212661330830
212642588683
212750778761
212689216472
212610699534
212751767509
212648103765
212654944898
212648516291
212636073764
212667414463
212751653362
212662641794
212624505668
212661464548
212655097088
212689656821
212610036888
212659226488
212670412761
212624128558
212655698868
212637715066
212655705512
212637401489
212668691797
212661357507
212689163675
212628326179
212637805935
212662546657
212682010499
212641253315
212661089461
212648289792
212668593559
212637331899
212682111475
212762229167
212666988480
212661126550
212682834746
212618336555
212611624643
212622649583
212668217439
212639619077
212696234613
212642453436
212651219123
212658553935
212661780202
212611457232
212751886659
212661050961
212639136623
212661827973
212689578717
212623479486
212637329432
212661198664
212750706963
212641201514
212623461777
212618147293
212696319049
212659659282
212616530127
212668531337
212689328700
212661256131
212653541348
212762049529
212642720073
212662400558
212654414935
212667792246
212611728673
212652111858
212661526043
212666841695
212651424023
212639688533
212662747621
212624538404
212661901973
212661321031
212661584178
212661929070
212689399005
212666207407
212651345955
212650832297
212689359298
212641484131
212655916853
212696902084
212659866044
212666732440
212628210498
212636068329
212668676861
212670039289
212696558812
212654179699
212650790708
212652204226
212661841291
212670205282
212650638339
212639131015
212624160560
212662492902
212661806710
212751037141
212667682825
212648547934
212662249179
212659106305
212639023437
212666304853
212610692158
212642583753
212643885041
212613515333
212615765598
212659345932
212651990550
212661858178
212661193573
212611429715
212628493952
212668172567
212623682071
212639076773
212667463669
212622552512
212751782625
212661454602
212668215678
212648424348
212654072725
212655411883
212648521796
212668466873
212662515063
212661644346
212610037178
212661520904
212623765308
212643284840
212610794622
212750387187
212666486319
212652788430
212670398935
212668531136
212667114463
212643822627
212610268237
212641035583
212652143513
212661175115
212639730712
212615349950
212618650064
212666425680
212666878656
212697176902
212652963307
212670279773
212650454497
212650196123
212689474045
212762036219
212613033868
212751098508
212611787653
212636415809
212636772626
212652276970
212661343130
212650725352
212670265749
212661905218
212624891101
212670087974
212648678731
212662636258
212653412946
212642023376
212662571155
212613350808
212639429825
212667776116
212610378174
212661526543
212622936737
212611698105
212661495949
212666562590
212654867001
212666741017
212658473981
212661388421
212661499013
212648818795
212639985431
212650815844
212616438678
212689870688
212639076167
212654603128
212666898192
212666281989
212662541453
212643784545
212639318217
212668290681
212648973921
212668824090
212618326752
212667173793
212762401413
212624951188
212668349059
212661975741
212689355554
212648405332
212615182882
212670167800
212650794953
212662221696
212668552155
212610469071
212697065869
212666611231
212668694405
212639716507
212610431681
212637963991
212696675133
212623923400
212655752101
212662791339
212667848755
212666817858
212643627072
212655623459
212762447850
212666826788
212658613379
212643888708
212668326386
212666808415
212661327786
212662772464
212654617713
212666463944
212624050156
212666411522
212661620970
212651593889
212624428069
212637186108
212750457287
212667161360
212668213322
212667719825
212655731479
212661444656
212666685112
212666604047
212760171188
212622997955
212668881727
212639689704
212670231846
212666786263
212639099680
212661981512
212696849754
212666393086
212618278584
212653015887
212661052561
212651150594
212648665147
212643897132
212661915482
212642259970
212652329220
212652688992
212682042081
212682069322
212615763395
212667331331
212628177899
212622414438
212666347613
212661294561
212667260673
212641846080
212655741370
212613094577
212636341951
212661871439
212636892730
212642373220
212667221622
212659854484
212624415112
212642297605
212650557301
212636866632
212659351416
212623154394
212666121371
212651277066
212662442091
212610896857
212667823235
212651605462
212666805771
212668380311
212661305426
212662219321
212611612565
212689799389
212610869354
212661631642
212616936223
212661455423
212636767615
212628772718
212668249932
212622592084
212637457383
212611029340
212655244528
212636363685
212618657489
212696084294
212658146608
212650210154
212659638402
212641518526
212651683610
212642981411
212659605876
212613237775
212613301515
212750080544
212622025909
212668232736
212636780257
212643193086
212661230992
212648849155
212697812711
212610722817
212641309179
212661112432
212659424594
212616929962
212689388413
212643351868
212658527533
212697402527
212615964330
212624449927
212648679694
212661240851
212653758434
212697271338
212654784155
212668330461
212760815918
212666644580
212648551102
212648646271
212642227017
212661312095
212624840550
212689322040
212661539461
212651722514
212661893841
212658119648
212689104697
212682365324
212643476020
212666276199
212655404554
212613275724
212696485637
212662352532
212655803264
212696169463
212641143737
212636900225
212682517930
212667523427
212643820378
212643080085
212616993195
212751389137
212628837114
212658327806
212662729215
212661911216
212666369532
212661664328
212641965981
212668329192
212618853924
212639248380
212636896600
212666908379
212652810969
212652270366
212661981548
212636766371
212615468296
212696656179
212662428201
212661370453
212666864983
212616133756
212661193485
212682568378
212611166412
212658761369
212610554441
212659784420
212636359827
212613845957
212697122496
212639794709
212611645971
212760473068
212668509086
212662478357
212648278220
212661190470
212696607368
212668812532
212666387626
212670218032
212655152046
212616616944
212661351103
212667608521
212618207496
212659518480
212643985012
212682216315
212652179987
212750383170
212696864333
212639852750
212661651402
212642692090
212666898156
212652823924
212655341240
212696446292
212689518789
212652332888
212642522726
212628249223
212662160267
212636841813
212636852351
212662847831
212762146885
212658293875
212662741391
212661537350
212611296045
212654971624
212616051270
212643251708
212637105438
212666405850
212667304083
212623060795
212618818044
212661193405
212762153113
212643667741
212668841647
212610940227
212642649956
212668604919
212751382275
212622703592
212642905327
212654216888
212637333105
212666980370
212667675342
212636192162
212628352570
212639197956
212751353846
212670042914
212667519041
212628068328
212637823454
212654713481
212641025524
212643446878
212661539925
212637795326
212642533050
212615534049
212643405976
212648236145
212666688429
212661901752
212661565147
212667338810
212610124463
212658553350
212655879188
212615192096
212652735950
212611142394
212658457671
212643547071
212642903810
212623820473
212615300498
212661913846
212689486263
212641518188
212654195104
212648106150
212661150026
212666986184
212750916094
212652861109
212651450585
212659284045
212667090071
212661465511
212643770842
212668065307
212639037894
212661889324
212639286005
212650762773
212666665507
212661422800
212661917127
212653547253
212661163853
212662677428
212653468581
212667625103
212611865647
212616693660
212661972322
212661621842
212661224416
212622632167
212659693643
212666793874
212761906546
212659433942
212667931725
212618135305
212666206562
212655386910
212641243985
212668852517
212616351855
212615115460
212659074320
212622580560
212661568698
212667762325
212654942142
212651286756
212648351637
212689216226
212666673030
212624829421
212611859062
212667095748
212616942505
212667408023
212662548796
212650233215
212648329377
212682149590
212666149954
212648919707
212760534207
212667276260
212624059928
212611373474
212661440051
212666994492
212616269130
212618182256
212654923709
212653930272
212696039730
212750467367
212636800106
212628248915
212697113497
212652973513
212611229764
212762049364
212639493882
212666147154
212666602421
212666428488
212667405173
212615440478
212666165857
212661360723
212666048985
212643904307
212637657668
212662657482
212666298729
212666686825
212697071198
212658263149
212661401719
212762153703
212653732677
212650770402
212659665678
212650827312
212697342941
212639146348
212628112171
212651867033
212610060590
212666849885
212668703343
212661490217
212760899472
212641675035
212682330740
212666188958
212661259805
212697778840
212636494884
212648325736
212662636235
212662625595
212628411020
212643483622
212615415684
212658717225
212615933818
212636023994
212661453555
212642637457
212637395754
212610415602
212616279731
212666024755
212667954365
212661169005
212618703704
212751794524
212667055578
212651811679
212650108652
212661537006
212668357102
212661119966
212618862852
212666022995
212628867577
212662577710
212628256977
212661535607
212697739231
212637045888
212760835502
212661650357
212639968124
212682583594
212623507436
212628288045
212697881827
212622549078
212643831150
212662821766
212636391856
212666012226
212662160772
212661613638
212662411943
212667609648
212666247068
212611943851
212610367578
212610175076
212696145103
212642060014
212622860030
212624812655
212637816933
212666911554
212666816593
212624892643
212666585537
212643385036
212661932193
212661633169
212641090130
212668102753
212610537041
212628547625
212682041950
212639758079
212661745947
212650563827
212751389205
212618710825
212670318418
212661999059
212652040984
212636122113
212661980129
212662553744
212666373627
212623746901
212666635954
212668741734
212618167757
212661916910
212662127579
212639076441
212624105074
212666209753
212624730589
212623447128
212659479412
212643029695
212628987374
212662318003
212662789881
212611752308
212623156637
212661492556
212662221146
212668047909
212651988565
212615933902
212697183212
212637756816
212659538873
212648066062
212661612016
212654839552
212682243291
212655280940
212628554404
212642302698
212661142391
212762519828
212661182721
212616670769
212661457766
212662827482
212666394597
212661532307
212658875282
212643492604
212637880034
212667371203
212648261157
212661796103
212762291816
212616555345
212636988030
212670030322
212666669223
212661994317
212655239547
212655109516
212696089338
212668128643
212643018371
212653683278
212623691301
212615943703
212624402110
212760904881
212648672118
212618946461
212760028532
212666970440
212654794755
212661524175
212659188090
212667465840
212616508111
212761790687
212667259645
212611456007
212661237916
212661162085
212613154123
212613345174
212661339798
212641937508
212661347441
212659556392
212642305260
212622613252
212643007260
212659748168
212642738505
212658699653
212623230169
212689206355
212668270201
212750825214
212666356072
212622747035
212662562818
212696065944
212666106240
212696553208
212666136960
212682718681
212654891638
212652080375
212750489511
212636376357
212697750621
212653098097
212668987807
212652648194
212696488090
212662012904
212661554688
212653887473
212667875861
212636763934
212654662844
212666980188
212666241312
212751077199
212662191444
212648145541
212648904692
212648635282
212611616404
212666669349
212615989596
212623615421
212641158856
212648281732
212636748153
212641546324
212651195569
212636946932
212682135092
212662888289
212650885888
212623674398
212624737228
212624515249
212667422413
212654431609
212666622286
212751619611
212624931729
212651712074
212659617118
212622397781
212654202809
212613248712
212689314273
212643828525
212643053303
212648936417
212637210841
212661799177
212668781223
212661827911
212655138309
212654196673
212696705136
212658847379
212661587206
212613026058
212697489820
212662737827
212689540837
212666061303
212667143124
212659626469
212661163937
212616274905
212654345192
212628858164
212662110664
212666116335
212641914401
212667442400
212696059823
212659047053
212611924570
212661467521
212623750861
212751879091
212661299295
212662682123
212650787501
212682632710
212653746012
212661916215
212661486101
212661509250
212689178035
212637720488
212661307448
212655467870
212689011227
212622175614
212659467841
212662319022
212661828031
212639828108
212661118065
212615096995
212622733958
212668415216
212624815285
212616105809
212652829106
212655560572
212642860935
212689474235
212662305638
212616293508
212666404384
212750302063
212668321026
212622956923
212658748660
212651156957
212750558657
212611362473
212668139093
212637743577
212611452175
212750909691
212661421947
212653190048
212662792705
212658555891
212611888408
212650973975
212623640757
212661969999
212762330283
212668995676
212666571593
212661552535
212618841486
212662046430
212654160069
212689192333
212654094973
212624166445
212667714187
212661577138
212667155483
212661893438
212613847754
212751614179
212615129567
212667873090
212696550855
212667189318
212689791827
212642304328
212653586148
212610768433
212666549896
212624628480
212616988232
212648528600
212662782952
212642595503
212643183461
212689038007
212613240768
212651529689
212670122221
212622709497
212610891208
212661727286
212636753582
212751844225
212661646753
212637359494
212662058072
212636698994
212682104711
212628216941
212658782457
212668731107
212662310620
212636864736
212661811223
212636659740
212643068685
212659082124
212643785697
212652580054
212696649914
212641167991
212613931052
212648308767
212661381664
212661246006
212661798966
212661450988
212689525143
212668875717
212667841060
212661561575
212636274453
212682788306
212615960815
212697551241
212648770332
212696753289
212618524464
212666509253
212661721029
212666457778
212637802041
212650100544
212666227532
212668413247
212659518245
212648778465
212661501297
212636144587
212636459531
212697278751
212611582654
212615036097
212661869986
212618414361
212648264714
212639437886
212662198802
212652021688
212661600765
212654685144
212682965262
212655748848
212697645763
212641122095
212628989480
212661225942
212697718335
212636774767
212642376452
212611062367
212642273632
212643959867
212616176926
212661507870
212666905058
212666199663
212661915088
212666166242
212636487130
212661976634
212689307535
212666329086
212750659160
212661618665
212661959800
212641988348
212636916556
212668641819
212661674983
212689991697
212667411803
212661322354
212643697772
212659048024
212615330552
212661098809
212655699797
212615159113
212658468141
212661197092
212668911953
212648050496
212639141220
212662810162
212751172899
212628655878
212661443422
212652338266
212662598258
212648128127
212661281428
212659097077
212641335502
212624886228
212661569149
212661212889
212653155770
212639215093
212668039539
212696046311
212661986102
212662748679
212661472995
212651518038
212659110015
212751740827
212648129344
212636939472
212696430641
212666662529
212642823438
212662143997
212682224161
212750584681
212661611930
212661908620
212651453066
212637076758
212661056224
212642919469
212661626310
212666572591
212682764076
212761775086
212762261327
212652608504
212750232207
212611050838
212668217889
212658402898
212655727770
212616758791
212658127920
212661144874
212668430862
212624271953
212636490926
212666079755
212611457845
212666219448
212639061131
212639190966
212650570870
212648166210
212642432805
212637244185
212658440158
212682097167
212648888973
212624216403
212658663351
212661359180
212659622478
212661608231
212659988292
212666202835
212654264460
212650330057
212666469436
212637449229
212641426719
212618702860
212682046255
212642806748
212622900677
212623219418
212650891844
212697780513
212661928879
212615552061
212613322874
212624216475
212615462562
212652552197
212659540508
212622375827
212616850080
212666514971
212655171984
212655473716
212616111589
212613688934
212666686518
212661821938
212622915978
212636237993
212616801781
212616536874
212659583002
212624520597
212659823832
212668087771
212697583606
212618895001
212666421784
212637263269
212760122685
212654200100
212659617182
212658739359
212639039743
212623329606
212661164886
212662181386
212628013738
212613933728
212661674489
212648954287
212623884534
212661162381
212650731978
212661750574
212615527782
212613012598
212618070165
212637792340
212643786732
212655451250
212661333533
212650483556
212760990149
212613021418
212662420690
212661737757
212616013531
212662165590
212661844697
212662876407
212654740406
212648405494
212668505860
212697237414
212666110526
212652949438
212668741874
212655060347
212653097609
212618613614
212661218874
212666940432
212615654112
212615812334
212637672372
212642426086
212661218504
212658791510
212661369053
212762399385
212611292140
212750516645
212654812175
212655947625
212623357586
212670121358
212661305684
212750421675
212628877458
212648237570
212643536115
212654014581
212637071245
212666561572
212750243817
212662805770
212661258543
212624120750
212750859657
212666954473
212662181431
212662129885
212615263598
212661433932
212636076208
212666234586
212666621127
212643627430
212611184159
212637584168
212622965126
212648657521
212666529979
212661320446
212750425395
212642263308
212662832500
212689271429
212652147958
212661187192
212682424363
212667732025
212682289258
212658443950
212689730727
212655842057
212655823374
212648889657
212762381799
212637938397
212616328662
212689925171
212658597780
212643871410
212648957412
212666943439
212661990020
212666389502
212648851089
212648970467
212623463129
212618837919
212611995042
212666889241
212662188660
212762329125
212637321222
212624090422
212648853445
212622858488
212762527869
212661324838
212637597366
212661627332
212616707347
212653058429
212639978248
212666377860
212615509288
212667255041
212642670605
212628446012
212624880571
212666053367
212615817345
212666911612
212616948395
212658235458
212697247462
212658930174
212641019429
212639174954
212682978507
212624917189
212637888861
212651561401
212648986459
212636482600
212628932620
212666264841
212661163484
212668069464
212655968235
212636733877
212661628863
212661189101
212622143158
212667116596
212762257214
212750411276
212651299569
212650527756
212750661665
212611014820
212682661191
212697594479
212641811639
212682316932
212624602593
212618413285
212654580196
212666894353
212643969882
212643308566
212666248727
212622330210
212661577602
212661164269
212653385574
212662364658
212662638261
212666957093
212661161545
212658958244
212641579905
212618153309
212697800773
212697640221
212639282481
212668594409
212641125359
212622822662
212643430730
212611520487
212667058219
212654046959
212670278835
212661285139
212628486733
212637074373
212661971465
212622075490
212667803661
212661386655
212623938447
212667708301
212622014726
212661875901
212661287019
212661407221
212651244107
212682884367
212682486600
212658120655
212666906626
212636181299
212682270770
212666538920
212636979851
212622919343
212651860494
212697710637
212661120438
212636372125
212760530221
212662416900
212666775300
212661384487
212689254533
212628575459
212639915948
212666253964
212661386190
212666544251
212639713471
212636632727
212613058556
212689430752
212648629766
212616896071
212661239781
212762181902
212637356520
212641905009
212667540484
212643921841
212661509403
212628663536
212661456746
212642444990
212682776216
212652624602
212667265362
212610182585
212613591117
212661247619
212661954889
212615354075
212661547659
212613022042
212697068423
212667232394
212668992912
212697008806
212622947596
212662535030
212613234785
212667500898
212618621815
212643109808
212642557258
212666049730
212658841178
212652505440
212639171963
212751052292
212636516997
212642813084
212613775144
212667467479
212661974743
212655830829
212667048354
212642572823
212697878489
212751846989
212661259326
212624838077
212651612546
212666887255
212641158531
212762277537
212666694611
212661746392
212662223900
212751312528
212662409940
212668109840
212650701667
212689250935
212658610286
212659608383
212655526573
212622682674
212616895735
212666269330
212642736599
212661281703
212661994077
212661179363
212661490945
212666939205
212643042330
212641275687
212639530568
212653668581
212668230162
212611719475
212667817859
212661502939
212682977372
212655404759
212697854014
212668834771
212642980988
212622622066
212628794108
212668420274
212667955690
212642193870
212628149884
212616681963
212668818633
212662534355
212682683958
212636263461
212637348735
212668729592
212658104535
212624557063
212636751388
212750987712
212666436646
212697291668
212642965274
212652864617
212610098709
212651054880
212661311503
212662419240
212618057542
212751535921
212650623279
212666976620
212666904538
212668732789
212639044049
212655055879
212666413642
212661782109
212662853086
212610470466
212636126932
212661185719
212650364431
212628152043
212658722408
212661192346
212637804153
212639176061
212689622602
212661477514
212751319810
212661916081
212622434858
212650141091
212636665136
212610407335
212637909015
212623173602
212650793197
212667070618
212653901591
212659721408
212668084254
212661293823
212666040889
212666333286
212666072543
212641117654
212689823732
212622945488
212653816529
212636018913
212637439531
212622659807
212661601955
212659662936
212639197706
212662041698
212666093801
212661653369
212661788231
212624609072
212668192329
212668620694
212610393436
212611736750
212750661682
212642831655
212653878048
212628721351
212667536033
212618537271
212643144328
212667210984
212751093891
212641975747
212661290356
212666281657
212667916644
212652859605
212636141799
212661641065
212751574281
212662277680
212750654803
212641016481
212667863269
212653349521
212651640970
212653928242
212661622932
212661744001
212667551621
212751174510
212661287024
212624062993
212666123453
212639063254
212696859823
212637050325
212668782015
212658829596
212659873244
212667852983
212751291237
212636036682
212622828896
212655855516
212641171912
212639322409
212636738869
212658239243
212643287897
212661650782
212655092810
212624756104
212623859217
212628123859
212610347635
212623961535
212618489523
212761908598
212624862157
212682380548
212636280305
212762071092
212642241821
212666557228
212654734047
212650770976
212667012271
212615723817
212655877073
212655324431
212651470178
212648351558
212682643014
212667132922
212641589386
212651923963
212667551004
212659137082
212641638584
212670038209
212666481500
212668705736
212661845795
212668644833
212661606879
212641388643
212652554962
212659885117
212610600884
212642927990
212643071625
212661155833
212655441484
212651357094
212651933224
212667802430
212697119708
212643364745
212659094893
212666461002
212616191891
212658436037
212654698629
212661991097
212628784304
212662446725
212658999434
212762038918
212666756880
212661228613
212661191231
212653535315
212650343894
212639230723
212696693608
212661291129
212652344527
212641478099
212760571773
212666751065
212648623243
212642312168
212670216444
212696882164
212662118747
212661237369
212667697229
212637595046
212628491220
212652555012
212659402795
212661116057
212637351791
212689203160
212643187736
212661264818
212623986780
212623494498
212615726829
212658576266
212622431093
212651536899
212750663448
212622858114
212650928308
212682629312
212622610322
212639553694
212750784271
212666126149
212636224835
212642639237
212637531513
212654026892
212661529507
212651738905
212668746495
212661852207
212697808891
212610537076
212628672108
212628595194
212668683635
212636606360
212628117857
212650044169
212623493306
212661306309
212670267372
212661493342
212650659017
212642606374
212689346447
212661088886
212654060180
212666145477
212751771495
212650508004
212628331826
212648154373
212661164582
212662496152
212668669972
212618874806
212696371878
212651802576
212696142389
212636919387
212641573508
212641047686
212661265143
212661327768
212637439001
212662311486
212668820804
212689995657
212661272121
212652591606
212667657068
212636298134
212661869180
212667942615
212639091500
212661087866
212661499923
212659928643
212668100409
212689674764
212658263571
212661618030
212661668372
212654014754
212661280600
212648467678
212667396740
212661430642
212666975492
212697546045
212636052504
212623777889
212637506422
212668330821
212623874157
212648480070
212651629001
212636062112
212682838633
212642258220
212666749910
212628996493
212750881382
212661464736
212668815475
212650770074
212628756536
212661748536
212661407993
212654027056
212662136681
212682446839
212658819731
212650416283
212651914122
212668246643
212659495453
212696059464
212610732453
212641847686
212662691088
212661499401
212643857697
212689588934
212682939400
212667236493
212642393140
212662052524
212662037098
212613905735
212661693925
212662647173
212654368152
212639833250
212762258241
212668407964
212658037142
212751602137
212636094489
212628554097
212661120794
212616843612
212666717183
212750531779
212666105620
212661493432
212648179102
212642352968
212615329201
212661671290
212610519797
212618531576
212653425492
212666389572
212642439902
212639081147
212628882404
212642331378
212668439871
212668928434
212637186313
212667086681
212658972829
212750987026
212661483186
212666909005
212650662977
212666548506
212611045509
212667121813
212689502221
212682321243
212623349906
212661198645
212659234750
212637431306
212654825006
212650740429
212615684912
212637776371
212661469690
212628879792
212654238524
212618179909
212750293772
212650101466
212668106797
212666351202
212666238063
212750368938
212661380567
212613578336
212636275043
212661552662
212616800943
212636137360
212650079711
212659898318
212615286587
212667746595
212637288029
212615601871
212661554515
212661975711
212662039336
212697182010
212641163957
212689305781
212667621615
212639563851
212615051818
212643891416
212641182543
212641320465
212641641143
212658592445
212643532557
212653250343
212652571322
212610199517
212661485499
212652432256
212655624104
212618420328
212662562217
212666231997
212666838615
212628986333
212662127110
212667729768
212613844268
212648323126
212616179666
212667459432
212689706600
212643485979
212618471148
212639813262
212623868760
212624190570
212696717511
212637178703
212641034993
212666332533
212666327147
212636683198
212636391670
212624118413
212628935524
212661615855
212682261892
212658234144
212637502899
212661384559
212636505031
212661314969
212661977129
212652451534
212661960110
212653838614
212661154767
212658673937
212628730900
212654422777
212618088050
212668310325
212661223779
212696933874
212616127246
212613805439
212639388683
212696133071
212697338791
212637033418
212642702845
212666165006
212661749336
212750106353
212689314871
212623363208
212637356285
212661148166
212661292625
212682089784
212610683590
212641904463
212668679350
212659632722
212668804881
212762101493
212697561512
212628415719
212652964160
212623124493
212661664687
212666101444
212655543267
212661080346
212659828364
212624636296
212650237038
212643083579
212670307746
212760833099
212636309275
212636249711
212650057378
212655034802
212667788931
212661434249
212641884551
212661644555
212661930215
212659632217
212616385163
212661349839
212610186730
212655075456
212624542587
212661222442
212658068469
212697938945
212642687227
212668975371
212762093957
212667111455
212661992890
212682389639
212667808630
212648242011
212661492279
212628178379
212666527663
212648306111
212653989520
212636127075
212637956307
212616246905
212623959247
212662042651
212668821214
212666269257
212654498341
212648280762
212655363781
212615692477
212610373852
212661189092
212666166623
212611634286
212667060194
212662100613
212628239747
212655823628
212623615668
212651849690
212667591435
212667499280
212689529584
212667058747
212637200662
212662413495
212666712052
212689747934
212628476367
212654141297
212642349137
212661147648
212666094975
212662015685
212615130836
212639151771
212643366320
212666760781
212642836254
212668619617
212661427444
212662111413
212650249981
212661299618
212666674351
212628087726
212643517995
212666230616
212648113222
212615990662
212643901935
212658477284
212750885405
212697233539
212662334210
212762299313
212648318449
212628477455
212623701529
212662681040
212636373269
212661158792
212661787752
212642909259
212661452839
212650879092
212666622559
212615881239
212654129063
212666098169
212668760188
212751479381
212616383753
212651606485
212666268048
212655666594
212682793542
212667378820
212661910254
212615654175
212682038664
212622282406
212642773477
212622762944
212689474380
212668496392
212661891842
212623861631
212611724123
212667931047
212662221302
212652555216
212648135564
212636413761
212658770704
212628497759
212662083500
212650810638
212611439411
212697769237
212682767215
212643771383
212667171411
212697954542
212661538472
212668216612
212641016661
212637113072
212662129945
212689397882
212641347803
212696827141
212623878927
212636135304
212655171156
212662651234
212668311010
212639842453
212653185268
212661242464
212618775545
212610939676
212643425344
212668088376
212618148773
212641895844
212623676206
212661971783
212682323521
212641619972
212639175525
212641432041
212613724376
212624496163
212658684220
212661143157
212662879609
212666663308
212641134138
212751344270
212689106941
212662511173
212639808559
212661569777
212689432689
212689240553
212666612666
212661359093
212636893478
212667181666
212653897788
212618226023
212661729048
212637091016
212666931921
212624569422
212613901773
212667027051
212610489729
212623892663
212667333634
212697996390
212652942449
212643868119
212751093702
212651655677
212661680069
212623920500
212636834564
212636708065
212682724308
212661291056
212655745980
212652444756
212655023495
212659360895
212666975235
212696834156
212613308757
212682194008
212650909412
212697206457
212750462029
212610744750
212661422215
212648124383
212624555954
212615988913
212667703374
212666841203
212636616737
212643307754
212662021543
212668112440
212689782728
212658578372
212636642425
212661899101
212643980479
212667636733
212653176032
212661596159
212661882494
212652525329
212750694090
212651839038
212642388842
212658207167
212616762253
212659631222
212622992035
212624833469
212654153858
212662825115
212662585993
212661804199
212666332090
212659363252
212654921776
212610189456
212762234075
212661185692
212668953507
212667751233
212622423099
212662523065
212661113751
212659823844
212650094409
212750768158
212662154281
212641253067
212689551160
212643040402
212616974113
212658872557
212615480534
212666709610
212666707750
212666549645
212639034089
212637934692
212661168553
212624717230
212652570338
212639197851
212662058899
212670101088
212651764777
212668319013
212659958992
212637390679
212661715412
212622535351
212662846136
212622640609
212662677585
212616958593
212636742248
212648937986
212618091276
212666135757
212667328886
212668574944
212642897963
212653288064
212661451996
212623783482
212650596808
212628605039
212682599710
212639382779
212666296599
212628585951
212651713110
212652421164
212661645285
212642326582
212661993496
212696268761
212662528910
212661160327
212622815772
212637762472
212650063160
212642074714
212659216497
212655097188
212651832701
212653192260
212637558198
212652716416
212650548359
212662075220
212697475431
212666484084
212666140879
212641079115
212661549964
212662064057
212689112811
212761597843
212613466400
212650338487
212666052634
212648606303
212613247226
212637733791
212637124819
212624746625
212666391031
212624332203
212641860409
212667831945
212623551866
212667865014
212667450208
212750241124
212651885914
212666400994
212651535872
212667158430
212661974462
212668889636
212613525971
212762188653
212682175266
212628646559
212613536737
212661157511
212661155898
212648591829
212613328806
212639429253
212661347403
212666050369
212653880422
212637428186
212651962015
212639963172
212696460590
212682884602
212639589332
212610679409
212661307007
212628311482
212654096655
212628536830
212760614268
212622722218
212661604410
212610151057
212667903020
212639050222
212658862665
212662075973
212658930998
212682501490
212661462957
212666549619
212637650335
212650295985
212666946519
212611334282
212651492132
212648189546
212662060801
212666385827
212666838135
212697045253
212641782337
212696923233
212661350013
212662659509
212667142915
212659828442
212650497419
212637220279
212666888397
212613929029
212648922793
212624818632
212661181772
212624561314
212642540385
212666628412
212668653517
212639558100
212615122373
212624711681
212610121356
212641035330
212661362518
212697359153
212639599713
212641793839
212643138380
212667125204
212661263555
212661919083
212637984607
212636973998
212613071623
212661441702
212689633267
212761556216
212610764276
212661110492
212637743115
212648889584
212636059511
212611152147
212650142548
212661757426
212666172671
212697433778
212641560353
212666056786
212623410461
212641851849
212637415151
212636293226
212661057800
212667785656
212615113072
212622203233
212616697901
212689197827
212648726853
212641664773
212610802219
212666912585
212623963800
212641523589
212648621234
212654220963
212658438642
212637317329
212615632998
212652819418
212616196066
212624946381
212682055154
212624763014
212642335273
212668049242
212682420509
212661183589
212639633447
212697684624
212628181591
212623485501
212697163407
212622229884
212651168446
212661870876
212662712205
212653528491
212668551291
212639275426
212650750834
212661217615
212654260555
212666338557
212697856649
212642482598
212750700935
212643920272
212613243006
212623728245
212648282114
212670405885
212689798685
212623819709
212659637170
212622376200
212610619860
212650089048
212618041325
212661516211
212655279737
212641157743
212661856137
212662103510
212661520996
212641451572
212666028393
212643839746
212668460811
212623078388
212662137940
212661149741
212750304274
212696155494
212659232184
212666299290
212661518787
212623315465
212624396578
212668500324
212659296177
212641838027
212662363338
212655076487
212624078045
212643975731
212662068842
212636959501
212615660712
212661336812
212641733931
212661297353
212639725396
212616369522
212689192298
212668568132
212648647737
212661791815
212655700657
212643550166
212661938137
212628258298
212616733043
212610283499
212666214473
212662347835
212610344282
212696024757
212661452269
212666854570
212668388289
212661402458
212668186177
212661178015
212667343534
212689753281
212639983469
212651779004
212653854556
212611610639
212662147070
212624762246
212622305348
212661283938
212661118763
212616893326
212661784417
212639442476
212654235163
212636030820
212661140036
212650878499
212618761836
212666177830
212653118664
212662841860
212751439357
212667318458
212610014819
212652512226
212668668242
212697221358
212650544438
212661194687
212650620671
212628035983
212648961300
212653053830
212650892048
212641447243
212668388779
212696211834
212642792108
212659786123
212636571076
212666102229
212616816690
212662198894
212697147628
212652980066
212661265274
212661693436
212662451819
212658747508
212651041809
212636045471
212661676317
212667221661
212658521947
212628610402
212667238101
212611913593
212668196016
212618949052
212697184236
212661825324
212651666528
212661142144
212667067972
212661220823
212628174776
212615856405
212661995840
212666421393
212639461501
212689730493
212615819015
212662256637
212655307355
212653579457
212668783446
212668458656
212655176886
212654704717
212616773088
212661424901
212666665600
212762096260
212667092015
212661927026
212643276460
212624653240
212662279572
212622297865
212661215560
212696860791
212623644750
212655208551
212624446134
212639596028
212667038713
212643996397
212661314166
212615418310
212654724061
212661971975
212662782329
212670327734
212653460095
212643246642
212639914142
212662795610
212613989211
212639286253
212682737910
212623227629
212661093361
212648903577
212618187759
212616165401
212658108327
212661969917
212667024424
212636664550
212667250022
212661507268
212628108262
212661479380
212689012960
212613027550
212666344899
212661144304
212637500520
212643846003
212652879936
212661721592
212661608555
212639429609
212668605222
212623761231
212610060476
212661255010
212636600117
212643317928
212611245026
212618489042
212662034818
212643054123
212661564201
212639980300
212651317533
212661115940
212666024981
212668395340
212661633085
212643435335
212613474822
212643782200
212623940771
212639925329
212666049692
212670365970
212661752251
212616750080
212661401225
212668832744
212611744369
212662049248
212615364895
212750487658
212639825295
212661177072
212662407735
212661383689
212628420701
212760515864
212668413853
212667788087
212666054904
212668753877
212628791502
212667710140
212668884392
212667770178
212696703649
212637075594
212613215264
212624551265
212658253432
212624507537
212636183685
212661870848
212615556076
212668028849
212611137063
212658442251
212637738328
212648152914
212666650343
212658736430
212654641608
212682992344
212666573929
212751527744
212697916893
212662162551
212666036588
212654319421
212651018709
212623424868
212643121058
212654229745
212643913235
212636802780
212618939781
212618644377
212642566970
212661118258
212666114766
212661234601
212666263003
212682878910
212624806060
212636435338
212751457623
212641673927
212639175143
212628678647
212659418993
212661860107
212623429271
212654839158
212624184018
212611125022
212666209314
212661871404
212613821577
212613537800
212689738070
212667736301
212611177563
212668485350
212659393670
212689282402
212666549666
212662837760
212637506072
212622028147
212623271017
212639027788
212636052153
212659964626
212666392089
212654354864
212661226208
212661477974
212661495914
212636336388
212639745150
212652965510
212654976881
212653111140
212628950322
212668196623
212613248435
212666227766
212661877681
212696807717
212643495001
212648537417
212661959743
212668343036
212643955153
212615246346
212623339758
212662778398
212643369967
212622020954
212611998083
212661567370
212636279764
212661287853
212611199578
212637907048
212666716448
212662154031
212761625629
212652893891
212653708453
212648242150
212650229181
212639376658
212628889003
212661535298
212637157822
212639709124
212661563975
212622773558
212658864010
212637045516
212648260389
212618734236
212662199010
212697067796
212655832186
212642885489
212653988591
212658358467
212643431775
212661141642
212661088198
212668671995
212662450632
212616814678
212659930503
212648311872
212667568334
212661673112
212668121216
212668040969
212618728579
212616956820
212643338364
212689109737
212655859062
212610543469
212624968395
212661262224
212642634546
212653374795
212653919824
212611792472
212666130464
212662480289
212668358846
212616785321
212642494693
212616031268
212651226942
212697873280
212613627433
212651535646
212618802450
212661258990
212668448679
212689199830
212613988379
212655569041
212642419736
212637743377
212651926399
212610030854
212654624443
212666134172
212668508528
212618460718
212661853536
212618590504
212623238259
212651852094
212682414551
212618373206
212628109799
212662487067
212668672342
212662621985
212642489554
212618025321
212636332987
212652150607
212658097118
212639579795
212666208746
212611622607
212667407203
212613242864
212661664903
212636121485
212666740465
212666284872
212662410968
212661199348
212650774881
212661637031
212661097030
212662250012
212668970508
212652454329
212643327629
212666944542
212662776119
212639803686
212658057803
212654824112
212661242197
212662554784
212662212488
212668197020
212666517179
212661711752
212760399714
212618556385
212636033065
212682080795
212641482041
212611376302
212667630341
212661222104
212628866034
212611279629
212639586869
212624476432
212761925865
212643333850
212653723200
212655062896
212615032155
212682252068
212667325318
212615717389
212662680088
212667631563
212760324375
212666201613
212661383677
212662316877
212689536764
212654408306
212697455737
212661443310
212637193283
212659424795
212659590779
212667499663
212661610755
212643357513
212689147414
212762432670
212661420668
212641376909
212655213374
212624150535
212661504177
212668282463
212661607432
212651880208
212650077527
212667973737
212610354774
212751036009
212760496118
212750605261
212624617007
212623342784
212666897382
212666554512
212611965631
212666076612
212643889484
212613551938
212650047518
212658578693
212648353658
212666561459
212616321614
212658769199
212616124006
212682967953
212643220194
212696224274
212662742157
212611224147
212652177782
212661247564
212624761934
212661236972
212750535751
212637367730
212615183136
212666732617
212760110024
212662011029
212667988068
212661229229
212659593879
212750587665
212650721915
212666666568
212642944356
212628690383
212670345475
212661388785
212659509961
212662474477
212611828275
212624453246
212628349758
212653142187
212642501121
212636617628
212659491130
212662177207
212661798339
212613387416
212650791832
212622689110
212651345812
212661325834
212637765062
212667552601
212624327138
212622140207
212661240896
212658857666
212639827396
212666209483
212682712243
212751144349
212662361830
212661787185
212668107720
212628563299
212639823812
212697209758
212641812345
212696619120
212661800293
212642793576
212661953672
212636882206
212642025552
212637075355
212654918826
212637386636
212651933614
212682911492
212668761732
212750399110
212624164536
212622138895
212616342714
212655924353
212654408983
212689469850
212666462507
212668786741
212661456757
212667549618
212666934311
212661335903
212652460540
212637045850
212666843842
212661629184
212639550842
212639697508
212641325514
212636554667
212696322986
212652634971
212668215888
212637763846
212661143347
212652452983
212641709264
212661565532
212659086031
212637076606
212667085799
212650123564
212648495134
212639321264
212661184406
212696321161
212652287360
212637107733
212751883789
212658923539
212661178239
212652534126
212650529395
212666667408
212661753663
212642362198
212637273827
212618694524
212661371459
212661599798
212616359483
212666919922
212670342900
212658976737
212689820428
212662641266
212697706514
212662185168
212666109320
212636166980
212622278516
212651652615
212668979766
212637062036
212661648996
212655493939
212661218315
212636821384
212618318503
212666611608
212641999033
212641410343
212624939290
212628379788
212648368353
212642819605
212661377134
212668232837
212611629673
212662139607
212650798632
212662638777
212623087385
212622187914
212661541243
212666828870
212667696456
212668481020
212623692922
212689649644
212661922659
212641071909
212662630817
212667683876
212667734144
212682834422
212648907682
212624138914
212628091184
212661376763
212639877650
212666781937
212616783773
212661911357
212623375089
212624899644
212661170399
212682595544
212655173408
212661626394
212667885761
212666823413
212641986167
212658498192
212661472567
212682178823
212661095326
212661750332
212636279203
212682122290
212661288598
212653565929
212689777475
212760171700
212762249465
212655469661
212616349304
212618806514
212652122181
212623891770
212639099676
212689440611
212636136550
212616097059
212750960813
212622800113
212666194435
212661386819
212622548272
212616796166
212624704419
212659924847
212762309563
212661936387
212648110341
212668439636
212641592876
212639117032
212661489618
212667741671
212762422673
212666690739
212659679412
212661529126
212682381774
212637332609
212668344152
212666807932
212667987370
212641108927
212618883959
212637351372
212618718603
212670409062
212618204160
212661142818
212652517792
212661343649
212624763565
212666324574
212667191861
212659380529
212666418873
212642905966
212650195880
212666555124
212622174439
212622265192
212661541885
212639433753
212636905953
212667375824
212666761736
212639096753
212661465013
212651961895
212643545787
212650970520
212661455752
212610652456
212622492779
212696934669
212661544266
212661502705
212661370285
212610964515
212661836971
212637547361
212659449918
212611798624
212628146367
212659040856
212613989391
212662310952
212696643021
212661631870
212661471246
212637918616
212613464469
212760905549
212639756363
212637332748
212636434354
212655553491
212623250166
212637887750
212639605882
212641372333
212661085442
212697572792
212651631198
212615338959
212642266029
212666021723
212682511678
212611918717
212697606227
212661874349
212661368360
212651443655
212661568019
212643546583
212751320504
212666415363
212661407755
212689479908
212661599725
212653497734
212666013004
212636158844
212655740532
212697554059
212670329056
212661427836
212611130974
212697936001
212613310261
212637832088
212661517842
212610933087
212661364432
212661987900
212762427892
212650412037
212667354103
212622510901
212666208369
212648041193
212611959598
212751185779
212661567080
212637284943
212655821089
212636497551
212661914645
212615396258
212654956772
212624804867
212666906054
212661847492
212610808468
212662185100
212762273931
212654737723
212666235745
212624719362
212637864596
212654816923
212661837475
212762477546
212662343550
212666405128
212661383719
212661877984
212750267735
212661921640
212662725720
212662606159
212661081391
212655204086
212654222494
212654942308
212666489413
212653808755
212643712966
212611346444
212637362874
212622400288
212760111262
212639940451
212667986938
212648680647
212658977148
212661636628
212613722276
212666313891
212651724908
212643361298
212643824441
212760281874
212661490803
212661343450
212666254470
212639434448
212661858462
212624547779
212666312809
212662596997
212637156277
212618958302
212611878859
212623397197
212642476167
212637867343
212643606727
212696959698
212666061467
212641839803
212618671924
212662380741
212670043059
212750292446
212623975721
212610102635
212697821889
212662178118
212650645168
212615587397
212637485925
212654335614
212654253343
212652086030
212668399871
212639954642
212622946808
212666825148
212661321644
212682964297
212639417265
212610168251
212662094646
212661086211
212636177618
212661285100
212637801822
212623314022
212624241377
212641938561
212666459213
212611030674
212661215014
212636942519
212750093777
212662877482
212689441622
212661152557
212661984485
212623123950
212637494239
212655387450
212661730195
212613453434
212751175600
212666370116
212682662521
212618151750
212642713904
212653627888
212613926664
212618982830
212610741917
212622489098
212668616271
212666798977
212615734073
212637769303
212623870408
212661186883
212642536952
212652605213
212661743683
212611562206
212661914758
212655436946
212697189197
212641183393
212613265736
212667420731
212668744004
212639696236
212611421538
212622665590
212697223422
212652493127
212642340880
212636848521
212762512230
212648308366
212668882340
212666470147
212661129247
212696452273
212662630959
212666388387
212610290930
212668206297
212636316101
212697028811
212661541078
212689733339
212653876938
212650836736
212661752992
212696502519
212623633898
212689828799
212750516743
212666307101
212655338302
212750333642
212622583178
212636660690
212623116020
212618846381
212618523805
212628498737
212622250931
212682351312
212628813433
212668544821
212637896452
212637670538
212610152122
212642310581
212668903116
212652974484
212751306616
212622692002
212618245718
212648020309
212661173366
212613019681
212642081152
212622873792
212653317591
212618014124
212615203091
212642100916
212613372159
212623381664
212658330612
212661999832
212666283359
212666633830
212655508016
212641233351
212641786663
212639674379
212658665486
212653288696
212654541378
212637820635
212615024546
212696640066
212661595960
212650863887
212668233264
212661174600
212662234898
212668263886
212611800314
212618759637
212666294701
212668125275
212653643978
212689665823
212661830653
212648667473
212661144415
212762194754
212637097399
212667678310
212655264622
212628935798
212642195808
212643468745
212622458917
212670286123
212760259050
212750288843
212611926861
212697477799
212662663317
212661758353
212652030202
212639895106
212661556268
212667771434
212751726891
212654722364
212650293048
212624371297
212661998535
212618901913
212615638373
212750022553
212636020269
212642533184
212623362566
212751886110
212654946063
212662868202
212666302581
212618095751
212648590648
212639999668
212668858538
212661531325
212636066850
212642743489
212623259559
212667977184
212639936362
212616494764
212668808811
212667838142
212637321699
212622479616
212696050560
212613450525
212670062079
212624097918
212661523311
212662652604
212623960859
212637399451
212662397859
212643263790
212661087948
212654964097
212751430576
212636459006
212682391240
212616342633
212639745880
212661744322
212641039078
212637893889
212637505829
212636071880
212666336247
212662878080
212667051139
212641314028
212762387627
212655123698
212661598448
212666408180
212682430028
212637812738
212622747064
212668150970
212661210647
212651516147
212751456772
212661437114
212652169089
212624648368
212658632678
212668459217
212648083507
212623993920
212751366066
212611445539
212652370433
212689743379
212628791525
212661734897
212661153472
212697120503
212616507987
212661564547
212662627595
212762353446
212661632371
212662062272
212697491173
212697029317
212666455778
212667959741
212653622462
212658369312
212616684571
212682366909
212643800299
212648215505
212661677379
212668411240
212659389935
212661113864
212659270983
212667831232
212662609767
212661894472
212637872799
212624010554
212611139229
212661352651
212667166844
212655638229
212624515778
212615812624
212661114242
212653247605
212648335243
212648087683
212661731787
212650920409
212662829764
212662825902
212624939785
212655835634
212661400163
212628669321
212641904780
212661425160
212611343900
212642354546
212622012369
212637880069
212666125616
212661437699
212662107228
212610633827
212662828807
212643602510
212662779974
212628232052
212661186167
212760359652
212661644921
212637080328
212662832742
212653414465
212661652621
212652432145
212661094293
212616717876
212750621544
212641849841
212613199658
212639417296
212662220458
212666966411
212641562500
212662886754
212661449407
212661828331
212654132349
212689019020
212652619154
212661590185
212648903230
212750449993
212642341594
212659840565
212661161749
212623203576
212624342777
212641508500
212628622436
212750582027
212661647109
212668964348
212661373151
212639823607
212661584842
212642345200
212751574282
212637416054
212661848934
212637074753
212628178318
212662662685
212662751151
212666172745
212662818533
212668889138
212642939806
212610544998
212613579004
212655780396
212750660750
212750759952
212613527219
212668785038
212668559932
212661196522
212661249650
212661356987
212610738341
212641871479
212661432738
212666353273
212643007854
212613653374
212637409948
212650708290
212650567530
212667276184
212636519657
212622932003
212661464271
212641385244
212651479574
212667434990
212659287869
212615610429
212642319246
212662709002
212659345215
212611333247
212648991440
212637153096
212658966426
212637738808
212659691266
212636777965
212662044832
212666945084
212668092202
212651101152
212661982553
212636254916
212696866652
212661186666
212689185597
212667300138
212651927302
212618386222
212661692976
212662887427
212654440170
212643360478
212666620011
212636020714
212661876074
212615333416
212661365455
212668034848
212637247941
212611836382
212624809882
212643615379
212661937911
212613807728
212615841219
212648558572
212661819288
212659458711
212623165994
212670303112
212682196588
212651427296
212661389468
212661754735
212648955652
212666358796
212653243506
212653756870
212651025169
212658370345
212650298936
212661213354
212641028190
212662106203
212653867105
212661219618
212689800801
212611059149
212613964328
212666408434
212648387057
212653489812
212661186292
212655826748
212661672857
212670044231
212628846179
212666240362
212697852733
212618102565
212668381100
212643671094
212636752508
212662583689
212637354379
212661457320
212661191954
212637144003
212637945221
212616606182
212661743077
212639001237
212623281416
212661181293
212662598046
212648203171
212658021581
212668020752
212628854075
212662815935
212616739814
212662103137
212659281381
212661912157
212653450743
212689530910
212661872412
212662340409
212659793092
212648845928
212613067032
212661691216
212662129185
212661830230
212616995816
212658587713
212628941869
212618675467
212661558392
212662623628
212611687531
212666529384
212697972632
212641328468
212636623609
212611756753
212697837954
212643889252
212682867152
212643114613
212655559825
212661978145
212642638267
212661984568
212611562081
212636823798
212655791225
212666183098
212622342837
212689489360
212658356763
212666164561
212628386527
212682872476
212637057534
212661984258
212668105841
212642653901
212628473435
212623414138
212650282263
212661924387
212689065264
212762251609
212624305817
212666374838
212696467224
212636035515
212636307462
212628738227
212628912727
212667685890
212666361009
212636350789
212641977055
212662733390
212659784746
212643484901
212682242948
212661341069
212639175607
212650015869
212659844177
212642396499
212666535600
212616429270
212667893408
212642333749
212641403347
212661931705
212655155323
212618054135
212662660715
212668868815
212668538164
212623917957
212661115607
212623636523
212650271857
212628555845
212697029854
212650618695
212666200627
212639152115
212655568402
212615942330
212636060878
212661442448
212624252139
212652483854
212751584493
212662285104
212697870394
212628682927
212666271887
212636669920
212624336983
212661568793
212661375720
212670140639
212628599705
212639957969
212636304097
212650392776
212661800575
212662431264
212696014194
212662428798
212751353022
212661889952
212668866092
212618777745
212639089218
212636859664
212667837048
212661832232
212661282025
212610222679
212670191810
212682173869
212624136849
212661588337
212639066125
212661580413
212655843710
212639399870
212666403369
212615641470
212655689991
212624707536
212628531226
212682645075
212641208710
212624501907
212610628631
212624577804
212762266717
212751846985
212641998028
212641868500
212661143408
212667294811
212667593069
212655017916
212642763829
212668381975
212641059278
212661865534
212751138304
212636560820
212666742922
212689539701
212666669123
212662722610
212636890259
212637759874
212682654914
212760216948
212622056445
212668557580
212652455290
212666987789
212661839131
212650473280
212615475924
212658239339
212661330123
212642471869
212655778318
212697981865
212668135832
212689271275
212622296873
212750605107
212648686680
212651455161
212639795718
212636703647
212653594811
212751059895
212642728855
212624449411
212668538036
212658231852
212661960795
212641306416
212616996039
212652023592
212639302826
212661308628
212616039644
212652016587
212662800376
212661476063
212662304242
212616425507
212762484108
212618122913
212624122732
212642663136
212611562240
212643798489
212628710379
212666155804
212762341397
212616836274
212689975416
212622095040
212668681230
212750693900
212670013371
212628649091
212643062784
212639360658
212648858992
212637970945
212655039759
212751255427
212654251954
212661282871
212750621167
212662062615
212616319134
212666406270
212689459290
212658533260
212697647988
212654974638
212661385944
212666710504
212652317094
212643189793
212641587983
212636137214
212750545588
212750486536
212659572751
212661445182
212654226284
212661224445
212668158066
212689108291
212661172938
212642991102
212661726184
212662733999
212639641918
212622395337
212650503141
212666019485
212618747768
212624229638
212661324416
212623987852
212689307480
212628655502
212658658083
212642364832
212624015004
212661178117
212668698399
212667910915
212623809075
212618810311
212661162213
212696375503
212655213365
212668012151
212661384693
212616907530
212636957377
212668770013
212666316590
212610349309
212653821107
212613567801
212662630092
212652336559
212650415941
212697564429
212666133716
212659460553
212659265208
212666233539
212651020783